
// Piano_LUT - 128 samples
uint32_t Piano_LUT[128] = {
    3720, 2341, 1324, 2198, 2400, 1976, 1791, 1877, 
    2334, 1743, 1824, 2019, 2075, 1937, 1776, 2202, 
    1779, 2076, 1706, 2307, 1776, 1981, 1896, 2018, 
    1966, 1832, 2064, 1909, 2012, 1804, 2105, 1873, 
    1944, 1954, 1931, 2053, 1779, 2120, 1818, 2053, 
    1829, 2062, 1911, 1918, 1974, 1935, 2031, 1766, 
    2115, 1867, 2086, 1801, 1965, 2008, 1908, 1979, 
    1904, 2032, 1886, 1972, 1941, 1972, 1983, 1848, 
    2094, 1803, 2117, 1761, 2131, 1836, 2031, 1884, 
    2018, 1915, 1993, 1907, 2013, 1888, 1996, 1877, 
    2107, 1720, 2393, 0, 1393, 3910, 1458, 1523, 
    4095, 268, 1722, 3285, 773, 2827, 2886, 139, 
    2997, 1758, 1460, 3010, 1666, 946, 3140, 988, 
    2235, 2793, 947, 2192, 2406, 996, 2906, 1852, 
    1241, 2641, 1835, 1297, 3194, 1000, 2144, 2221, 
    1567, 1935, 2714, 816, 2803, 1561, 2002, 1793
};

// Guitar_LUT - 128 samples
uint32_t Guitar_LUT[128] = {
    1649, 1860, 1879, 1828, 1865, 1853, 1865, 1823, 
    1891, 1830, 1865, 1834, 1896, 1808, 1883, 1840, 
    1872, 1820, 1893, 1828, 1869, 1832, 1883, 1825, 
    1883, 1831, 1870, 1834, 1889, 1816, 1885, 1827, 
    1890, 1799, 1915, 1803, 1862, 1931, 1762, 1741, 
    2226, 1565, 1670, 2381, 1558, 1620, 2338, 1678, 
    1502, 2351, 1711, 1556, 2253, 1767, 1561, 2232, 
    1729, 1647, 2161, 1771, 1620, 2167, 1779, 1623, 
    2131, 1840, 1601, 2094, 1875, 1631, 1983, 1977, 
    1615, 1977, 1937, 1685, 1930, 1886, 1851, 1741, 
    1936, 1958, 1800, 2021, 1322, 1151, 4095, 154, 
    1726, 3612, 0, 2552, 2386, 194, 3680, 897, 
    1609, 2934, 690, 2581, 1765, 1287, 2898, 639, 
    2518, 2077, 930, 2995, 1336, 1525, 2704, 1035, 
    2240, 1883, 1546, 2273, 1534, 1982, 2027, 1480, 
    2227, 1623, 1825, 2060, 1657, 1904, 1914, 1770
};

// Drum_LUT - 128 samples
uint32_t Drum_LUT[128] = {
    1864, 2687, 1564, 2541, 1400, 3174, 1909, 1875, 
    1090, 1645, 2189, 3775, 3333, 2635, 732, 378, 
    1479, 2772, 3928, 3412, 1671, 1365, 1979, 1640, 
    2071, 2462, 2740, 2627, 2104, 1464, 1340, 1825, 
    2658, 3275, 2687, 1725, 1303, 1977, 2505, 2393, 
    2043, 2169, 2177, 2238, 1899, 2049, 2205, 2594, 
    2180, 2082, 1711, 2185, 2177, 2417, 1869, 2604, 
    1789, 2166, 1905, 2899, 1906, 1284, 1343, 1928, 
    2998, 4095, 2779, 1761, 0, 1675, 2686, 3080, 
    3396, 2662, 765, 1901, 2243, 2169, 2229, 2476, 
    2257, 2260, 1423, 1671, 2350, 2787, 2479, 2536, 
    1781, 1589, 1744, 2410, 2630, 2383, 1931, 2111, 
    2125, 2123, 1935, 2163, 2188, 2621, 2312, 1959, 
    1561, 2127, 2322, 2610, 2241, 2051, 1719, 2283, 
    2227, 2330, 1901, 2174, 2184, 2480, 1978, 2103, 
    1835, 2369, 2175, 2484, 1932, 2234, 1777, 2515
};
