// ===== Generated Lookup Tables from WAV Files =====
// Sample rate: 44.1 kHz (original WAV files)
// LUT size: 3000 samples
// Resolution: 12-bit (0-4095)
// Center value: 2048 (represents 0V offset)

// Lookup table for LUT_piano
// 3000 samples, 12-bit resolution (0-4095)
uint16_t LUT_piano[3000] = {
    2047, 2047, 2047, 2046, 2047, 1834, 2232, 3226, 1559, 1895, 3596, 1745, 
    1648, 3036, 2163, 1514, 2244, 2527, 1488, 1709, 2485, 1616, 1680, 2142, 
    1860, 1992, 1795, 2117, 2271, 1787, 2260, 2265, 1862, 2411, 2130, 2033, 
    2262, 2014, 2117, 2042, 2010, 2035, 1955, 2023, 1884, 2053, 2038, 1840, 
    2135, 2049, 1897, 2149, 2079, 2006, 2117, 2113, 2095, 2045, 2083, 2117, 
    2019, 2039, 2103, 2024, 1990, 2063, 2050, 1970, 2042, 2067, 1979, 2057, 
    2069, 1991, 2074, 2068, 2041, 2059, 2060, 2068, 2037, 2020, 2083, 2043, 
    2022, 2065, 2047, 2027, 2032, 2079, 2041, 2018, 2075, 2050, 2040, 2060, 
    2057, 2045, 2063, 2136, 2014, 2034, 2146, 2038, 2024, 2096, 2076, 2004, 
    2039, 2101, 1996, 1997, 2090, 2011, 2013, 2063, 2029, 2048, 2025, 2045, 
    2081, 2013, 2061, 2059, 2026, 2080, 2055, 2030, 2076, 2048, 2030, 2057, 
    2050, 2032, 2048, 2050, 2041, 2039, 2044, 2037, 2059, 2028, 2030, 2077, 
    2041, 1807, 1742, 2517, 2274, 2685, 2115, 1361, 1830, 1997, 2184, 2129, 
    2080, 2306, 1764, 1602, 2032, 2170, 2357, 2109, 1895, 2172, 2182, 2259, 
    2151, 1902, 2076, 1839, 1673, 1990, 2120, 2261, 2099, 1971, 2199, 2174, 
    2140, 2075, 2006, 2113, 1942, 1848, 1987, 2036, 2107, 1963, 1919, 2132, 
    2214, 1562, 3301, 2168, 1632, 2662, 2241, 1750, 2013, 2248, 1723, 1743, 
    2186, 1793, 1988, 1993, 1830, 2205, 1823, 2040, 2358, 1857, 2235, 2236, 
    1881, 2224, 2016, 2087, 2218, 1920, 2037, 2081, 1961, 1917, 2071, 2094, 
    1875, 2148, 2064, 1803, 2155, 2060, 1952, 2133, 2036, 2115, 2320, 2425, 
    2347, 2017, 1950, 1907, 1639, 1729, 1846, 1875, 2016, 2232, 2280, 2157, 
    2296, 2260, 2058, 2087, 2030, 1883, 1875, 1858, 1918, 1937, 2025, 2133, 
    2074, 2049, 2074, 2279, 1377, 2152, 2095, 2191, 1396, 1821, 2237, 2042, 
    2160, 2327, 2244, 1574, 2541, 2392, 1843, 1548, 2278, 1787, 1718, 2294, 
    1979, 1569, 2341, 2605, 1811, 2214, 2277, 1926, 1989, 2476, 1573, 1775, 
    2180, 1948, 1631, 2272, 2190, 1735, 2293, 2472, 1873, 1924, 2231, 2034, 
    2045, 1927, 2028, 1928, 2074, 2040, 2068, 2066, 2057, 2133, 2144, 2039, 
    1998, 2091, 2052, 2024, 1937, 2040, 2057, 2053, 1262, 1005, 848, 1994, 
    1682, 2108, 2538, 2318, 1813, 3159, 2375, 1868, 1710, 1728, 1419, 1907, 
    2179, 2111, 2146, 2025, 2691, 2185, 2181, 1987, 1915, 1603, 2356, 1974, 
    2018, 2074, 2017, 2058, 2209, 2205, 2006, 1995, 1803, 2185, 1955, 2037, 
    2081, 2056, 1897, 2248, 2126, 2080, 2077, 1861, 1992, 2035, 2019, 2032, 
    2099, 1947, 2174, 2154, 2010, 2055, 2052, 1962, 2021, 2079, 2018, 2008, 
    2040, 2100, 2088, 2082, 2079, 1999, 2032, 2055, 2056, 2005, 2061, 2054, 
    2129, 2064, 2066, 1997, 2032, 2044, 2062, 1987, 1986, 2081, 2017, 2077, 
    2079, 2072, 1994, 2103, 2068, 1882, 2059, 2060, 1950, 2018, 2098, 2082, 
    2090, 2121, 2132, 2000, 2013, 2060, 1974, 1992, 2078, 2030, 1982, 2098, 
    2097, 2052, 2075, 2076, 1994, 2065, 2070, 2050, 2039, 2045, 2042, 2046, 
    2041, 2048, 2034, 2028, 2052, 2059, 2031, 2029, 2047, 2056, 2051, 2046, 
    2060, 2021, 2037, 2043, 1999, 1920, 2102, 2019, 2050, 2078, 2079, 2030, 
    2090, 2062, 2038, 2007, 1972, 2064, 2035, 2050, 2092, 2066, 2037, 2106, 
    2058, 2027, 2022, 2022, 2030, 2034, 2049, 2054, 2051, 2033, 2050, 2052, 
    2040, 2042, 2028, 2041, 2056, 2051, 2029, 2071, 2044, 2056, 2052, 2061, 
    2052, 2056, 2045, 1531, 1813, 2016, 2261, 2418, 2465, 2388, 2249, 2061, 
    1850, 1732, 1713, 1782, 1924, 2090, 2220, 2294, 2297, 2226, 2079, 1992, 
    1901, 1850, 1929, 2051, 2057, 2040, 2042, 2059, 2055, 2050, 2060, 2071, 
    2040, 2052, 2017, 2019, 2015, 2057, 2045, 2059, 2065, 2061, 2057, 2038, 
    2041, 2018, 2198, 2211, 2115, 1464, 3307, 2210, 2010, 1954, 1844, 1253, 
    2275, 2048, 1938, 2102, 1987, 2484, 2271, 2223, 2106, 1861, 1512, 2334, 
    1939, 1861, 2083, 2079, 1976, 2364, 2221, 1999, 1983, 1832, 2153, 1974, 
    2002, 2065, 2063, 1884, 2363, 2138, 1970, 2076, 2018, 2010, 2031, 2084, 
    1911, 2680, 2802, 2564, 2493, 1749, 3233, 2149, 1987, 1814, 1696, 1044, 
    2375, 2052, 1916, 1957, 2241, 2378, 2288, 2419, 2019, 1827, 1556, 2302, 
    1946, 2090, 2145, 2150, 1973, 2339, 2187, 1951, 1787, 1851, 2112, 1965, 
    2153, 2126, 2060, 1981, 2329, 2067, 2019, 1945, 1941, 1965, 2004, 2288, 
    1963, 1145, 1613, 1677, 1304, 969, 2057, 1136, 1593, 1918, 2227, 1661, 
    2605, 2477, 2203, 2552, 2579, 2247, 2077, 2554, 1927, 2085, 2081, 2305, 
    1964, 2187, 2045, 2159, 2010, 2128, 2090, 2004, 2068, 1945, 2042, 1915, 
    2117, 1897, 2116, 2000, 2121, 2056, 2133, 2010, 2064, 2019, 2351, 2293, 
    1995, 2225, 1935, 1897, 1732, 1803, 1970, 2006, 2139, 2210, 2113, 1996, 
    2058, 1764, 1635, 1569, 1578, 1576, 1792, 1928, 2104, 2236, 2235, 2345, 
    2287, 2289, 2260, 2182, 2084, 2123, 2051, 2019, 2060, 2074, 2102, 2115, 
    2154, 2088, 2058, 2022, 2031, 1950, 1974, 1963, 1986, 1891, 1806, 2465, 
    1353, 1179, 2801, 1624, 1056, 2689, 2071, 1672, 2442, 2400, 2283, 1897, 
    2409, 2555, 1646, 2096, 2458, 1739, 1865, 2328, 2076, 1725, 1991, 2230, 
    1602, 2024, 2166, 1709, 2063, 2131, 2021, 2101, 2054, 2203, 2039, 2007, 
    2286, 2059, 1992, 2219, 2106, 1974, 2109, 2070, 2100, 2145, 2170, 2074, 
    1986, 2121, 1991, 2037, 2024, 2027, 2095, 2011, 2104, 2157, 2062, 2104, 
    2142, 2037, 2098, 2057, 2044, 2030, 2027, 2030, 2019, 2014, 1980, 2059, 
    2007, 2006, 2038, 2053, 2009, 2077, 2036, 2046, 2044, 2034, 2029, 2016, 
    2055, 2030, 2046, 2048, 2065, 2039, 2044, 2090, 1980, 1920, 2038, 1939, 
    1843, 2085, 2002, 2024, 2071, 2110, 2107, 2088, 2129, 2120, 2044, 2071, 
    2127, 2034, 2048, 2081, 2072, 2001, 2065, 2077, 1994, 2068, 2047, 2029, 
    2058, 2043, 2031, 2043, 2026, 2057, 2042, 2037, 2078, 2053, 2050, 2082, 
    2055, 2057, 2049, 2042, 2032, 2454, 2969, 2296, 1577, 2484, 2175, 1706, 
    2528, 2417, 1879, 2345, 2130, 1439, 1675, 1583, 1271, 1626, 1858, 2001, 
    2275, 2456, 2520, 2406, 2278, 2304, 2103, 2035, 2230, 1947, 1867, 2134, 
    1925, 1867, 2158, 2053, 1944, 2196, 2094, 1939, 2080, 2049, 1885, 1973, 
    1997, 1949, 1964, 2049, 2292, 723, 2217, 2091, 1312, 2363, 1997, 2058, 
    2234, 2058, 2604, 1985, 2106, 2677, 1909, 2023, 2430, 1998, 1738, 2121, 
    2156, 1568, 1973, 2228, 1615, 1964, 2154, 1841, 2014, 2021, 2221, 2068, 
    1933, 2392, 2043, 1921, 2314, 2056, 1973, 2136, 2115, 2003, 1974, 2126, 
    2010, 1925, 2088, 1540, 1579, 1754, 1867, 2019, 2190, 2318, 2401, 2358, 
    2291, 2286, 2117, 2023, 1915, 1861, 1821, 1796, 1858, 1961, 1992, 2086, 
    2194, 2221, 2105, 2095, 2130, 2030, 1720, 2148, 3353, 1946, 2093, 1370, 
    1969, 1886, 2194, 1484, 1869, 2126, 2011, 2238, 2345, 2119, 1670, 2551, 
    2296, 1554, 1398, 2584, 1669, 1771, 2226, 2041, 1670, 2300, 2606, 1940, 
    2080, 2179, 2042, 1965, 2314, 1699, 1780, 2161, 2178, 1720, 2148, 2191, 
    1856, 2200, 2228, 1974, 1838, 2193, 2101, 1988, 1886, 2050, 1964, 2056, 
    2133, 2041, 2000, 2120, 2147, 2088, 2084, 1977, 2043, 2093, 2051, 1948, 
    1032, 86, 2488, 1987, 2136, 2476, 2770, 2130, 2791, 2494, 1643, 1416, 
    1185, 1955, 1790, 2135, 2294, 2300, 1977, 2770, 2300, 1966, 1755, 1792, 
    1857, 2072, 2268, 2002, 2076, 1915, 2356, 2112, 2125, 1978, 1958, 1810, 
    2166, 2084, 1938, 2085, 1957, 2153, 2095, 2210, 2034, 2058, 1849, 2192, 
    2057, 2080, 2045, 2083, 1985, 2097, 2119, 2049, 1961, 1913, 2054, 1998, 
    2052, 2086, 2085, 2025, 2183, 2115, 2043, 2063, 1970, 1987, 2018, 2043, 
    2032, 2064, 2038, 2177, 2101, 2028, 2040, 2107, 2011, 2042, 1989, 2066, 
    2019, 2061, 2032, 2045, 2045, 2062, 2076, 2071, 2074, 1991, 2095, 2044, 
    2016, 1996, 2176, 2091, 2089, 2048, 2026, 1912, 2048, 2062, 1992, 2012, 
    2070, 2062, 2096, 2121, 2040, 2012, 2037, 2052, 2055, 2031, 2060, 2043, 
    2056, 2059, 2070, 2038, 2051, 2036, 2043, 2031, 2044, 2028, 2044, 2035, 
    2061, 2049, 2062, 2043, 2068, 2031, 2048, 2049, 1998, 2054, 2088, 2085, 
    2106, 2080, 2153, 2079, 2050, 2057, 1999, 1943, 2069, 2029, 2051, 2059, 
    2086, 2026, 2092, 2068, 2030, 2025, 1996, 2043, 2044, 2067, 2041, 2071, 
    2020, 2092, 2038, 2050, 2029, 2043, 2033, 2058, 2056, 2028, 2060, 2039, 
    2068, 2035, 2047, 2030, 2049, 2027, 2039, 1818, 1483, 3415, 2676, 2656, 
    2076, 1646, 2218, 1547, 1703, 1689, 1720, 1372, 2908, 2397, 2466, 2398, 
    2196, 1798, 2060, 1876, 1631, 1632, 1658, 2364, 2045, 2359, 2198, 2143, 
    1776, 2322, 1955, 1892, 1871, 1901, 2031, 2076, 2248, 2140, 2095, 1925, 
    2283, 1930, 1989, 2038, 1978, 1872, 2176, 2541, 1186, 1528, 2113, 1916, 
    1934, 2181, 1868, 2499, 2667, 1674, 2248, 2204, 2432, 1531, 1831, 2037, 
    2030, 1710, 2073, 1813, 2264, 2346, 1858, 2160, 2170, 2370, 1794, 1923, 
    2106, 2133, 1806, 2059, 1860, 2139, 2059, 1914, 2103, 2112, 2228, 1981, 
    2044, 2126, 2127, 1913, 2082, 2342, 2141, 1915, 1582, 1846, 1688, 1867, 
    1825, 2013, 2258, 2310, 2303, 2397, 2248, 2129, 2130, 1908, 1874, 1812, 
    1839, 1758, 1955, 2036, 2072, 2012, 2124, 2036, 2040, 2054, 2018, 2020, 
    1996, 2079, 1997, 2068, 2080, 2058, 2028, 2089, 2047, 2041, 2072, 2039, 
    2051, 2056, 2066, 2033, 2601, 1445, 2810, 3026, 971, 2399, 2105, 2108, 
    1447, 2032, 2021, 1569, 2671, 2006, 1640, 2490, 2688, 1405, 2300, 2250, 
    2138, 1599, 2185, 2003, 1919, 2094, 1956, 1837, 2310, 2283, 1789, 2236, 
    2066, 2249, 1831, 2020, 1996, 2005, 1995, 1992, 1866, 2221, 2185, 1906, 
    2157, 2151, 2653, 2286, 2292, 2160, 1767, 1563, 1611, 1562, 1753, 2018, 
    2144, 2341, 2417, 2434, 2231, 2054, 2004, 1820, 1737, 1883, 1902, 2041, 
    2152, 2202, 2109, 2072, 2067, 2057, 2073, 2067, 2047, 2009, 2088, 2011, 
    2011, 2011, 2052, 2042, 2036, 2015, 2065, 2060, 2029, 2022, 2065, 2064, 
    2053, 1802, 4030, 2032, 1261, 3154, 2482, 1455, 2138, 2706, 1547, 1580, 
    2532, 1633, 1574, 2058, 1829, 1937, 1685, 2119, 2265, 1629, 2254, 2425, 
    1849, 2279, 2169, 2129, 2286, 2043, 2168, 2146, 2004, 2038, 2070, 1957, 
    1928, 2125, 1948, 1775, 2122, 2005, 1718, 2142, 2024, 1948, 2074, 2121, 
    2162, 1941, 2204, 2176, 1984, 2065, 2160, 2026, 2003, 2207, 2045, 1966, 
    2113, 2065, 1818, 2100, 1998, 1942, 2061, 2045, 2040, 2078, 2092, 2069, 
    2022, 1997, 2133, 2021, 2040, 2065, 2130, 2058, 2055, 2095, 2070, 2051, 
    2030, 2011, 2056, 2049, 1995, 2077, 2009, 2057, 2036, 1996, 2037, 2030, 
    1954, 2150, 2022, 1954, 2078, 2058, 2043, 2033, 2086, 2067, 2027, 2077, 
    2017, 2031, 2002, 2021, 2039, 2027, 2023, 2107, 2090, 2041, 2069, 2096, 
    2046, 2046, 2054, 2048, 2054, 2036, 2050, 2035, 2029, 2055, 2019, 1995, 
    2041, 2019, 2018, 2053, 2034, 2049, 2087, 2037, 2068, 765, 1419, 1548, 
    2180, 2085, 1620, 2410, 2268, 2526, 2614, 2300, 2560, 1919, 1235, 1613, 
    1819, 2109, 1980, 1870, 2316, 2155, 2193, 2310, 2078, 2380, 2111, 1752, 
    2052, 2053, 2162, 1968, 1741, 2061, 1917, 1959, 2132, 2071, 2223, 2098, 
    1966, 2144, 2106, 2143, 2040, 1915, 2048, 1978, 2212, 2865, 2443, 1812, 
    2184, 2273, 1797, 1925, 1977, 1582, 2002, 1755, 1575, 2238, 1712, 1737, 
    2307, 1808, 2108, 2348, 2041, 2299, 2161, 2228, 2337, 1976, 2252, 2253, 
    1876, 1992, 2044, 1934, 1817, 2066, 2045, 1682, 2143, 2082, 1786, 2175, 
    2110, 1982, 2106, 2054, 2127, 2033, 2072, 2450, 2343, 2415, 2518, 2237, 
    2046, 1972, 1867, 1710, 1790, 1895, 1783, 1980, 2185, 2126, 2199, 2229, 
    2211, 2164, 1986, 2042, 1978, 1863, 1978, 2000, 2047, 2094, 2137, 3034, 
    2250, 1848, 1836, 2784, 1920, 1931, 1423, 1942, 1962, 1996, 1693, 2026, 
    2272, 2037, 2301, 2435, 2265, 1728, 2439, 2672, 1529, 1288, 2506, 2003, 
    1481, 2224, 2275, 1606, 1995, 2677, 1986, 1906, 2237, 2115, 1857, 2284, 
    1899, 1741, 2140, 2195, 1819, 2137, 2187, 2021, 2169, 2281, 2070, 1905, 
    2140, 2070, 1954, 1939, 2008, 1942, 1991, 2117, 2072, 1999, 1985, 2108, 
    2106, 2062, 1960, 2050, 1111, 2454, 2256, 2530, 2468, 2345, 2926, 2164, 
    2241, 2017, 1427, 916, 2446, 1714, 1996, 2306, 2351, 2086, 2521, 2384, 
    1973, 1734, 1517, 2032, 1851, 2079, 2161, 2136, 1846, 2490, 2110, 2055, 
    2019, 1934, 1936, 2012, 2095, 1999, 2101, 1907, 2370, 2050, 2128, 2093, 
    2008, 1837, 2069, 2067, 1955, 2007, 1965, 2144, 2078, 2163, 2089, 2061, 
    1881, 2104, 2055, 1962, 2036, 2039, 1991, 2040, 2184, 2031, 2030, 2015, 
    2060, 2035, 2073, 2037, 2013, 2030, 2083, 2130, 2012, 2027, 2129, 2052, 
    2036, 2043, 2051, 2033, 2051, 1993, 2021, 2064, 2042, 2038, 2067, 2064, 
    2067, 2072, 2068, 2107, 1949, 2159, 2131, 2063, 1959, 2097, 2025, 1984, 
    2069, 2081, 2004, 2041, 2182, 2014, 2058, 2082, 2006, 1960, 2066, 2008, 
    2010, 2054, 2023, 2047, 2075, 2095, 2046, 2032, 2067, 2064, 2023, 2039, 
    2046, 2024, 2038, 2067, 2061, 2050, 2075, 2046, 2057, 2044, 2036, 2035, 
    2048, 2073, 2104, 2086, 2017, 2144, 2041, 2018, 1988, 2019, 1971, 2032, 
    2081, 2073, 2065, 2054, 2094, 2047, 2067, 2053, 2016, 1994, 2062, 2027, 
    2043, 2068, 2055, 2056, 2035, 2038, 2041, 2022, 2022, 2067, 2037, 2056, 
    2060, 2058, 2049, 2070, 2065, 2052, 2049, 2031, 2028, 2041, 2062, 2034, 
    2478, 2495, 2437, 2241, 2052, 1887, 1774, 1767, 1844, 1986, 2097, 2219, 
    2269, 2247, 2149, 2058, 1974, 1889, 1878, 1926, 1989, 2062, 2124, 2085, 
    2047, 2038, 2051, 2061, 2049, 2049, 2058, 2038, 2050, 2071, 2065, 2052, 
    2045, 2047, 2035, 2049, 2031, 2041, 2047, 2046, 2044, 2047, 2221, 2231, 
    2618, 2184, 2065, 1739, 1011, 2730, 1888, 1887, 2175, 2311, 1678, 2577, 
    2357, 1896, 1860, 1743, 2182, 1878, 2089, 2057, 2131, 1690, 2646, 2142, 
    1988, 1998, 2045, 1805, 2021, 2116, 1921, 2031, 1951, 2378, 2046, 2180, 
    2048, 2075, 1789, 2142, 2009, 1929, 2008, 2051, 2114, 1734, 2232, 1759, 
    2240, 2426, 2388, 1929, 1591, 2792, 2096, 2073, 2194, 1925, 1241, 2204, 
    2042, 1798, 1835, 1939, 2166, 2218, 2503, 2329, 2220, 1756, 2417, 2069, 
    1968, 2033, 1924, 1707, 2177, 2196, 1994, 2165, 1994, 2185, 2104, 2115, 
    1921, 2025, 1743, 2172, 2073, 2050, 2096, 2079, 2425, 1595, 2718, 2411, 
    1876, 2160, 2339, 1770, 1638, 2459, 1640, 1756, 2000, 2227, 1498, 2479, 
    2120, 2041, 2003, 2281, 1776, 1925, 2053, 1698, 1894, 1593, 1938, 1671, 
    2029, 1782, 2205, 1935, 2279, 2095, 2229, 2184, 2140, 2222, 2083, 2196, 
    2006, 2236, 1968, 2185, 2053, 2158, 2088, 3252, 2761, 2270, 1982, 1620, 
    1989, 1949, 2203, 2416, 2468, 2497, 2470, 2270, 2046, 1950, 1714, 1871, 
    1860, 1968, 2120, 2158, 2181, 2202, 2149, 2073, 2186, 2119, 2209, 2133, 
    2123, 2004, 1956, 1828, 1854, 1801, 1772, 1777, 1814, 1849, 1906, 2030, 
    2039, 2098, 2119, 2201, 2180, 961, 3001, 1964, 590, 2559, 2315, 1191, 
    2182, 2598, 2197, 1686, 2577, 2777, 1473, 2211, 2845, 1693, 1660, 2674, 
    2071, 1477, 2241, 2388, 1394, 2001, 2264, 1680, 1979, 2111, 1969, 2067, 
    2021, 2253, 2087, 1931, 2364, 2035, 1952, 2257, 2043, 1973, 2084, 2048, 
    1963, 1963, 2038, 1909, 1933, 2014, 1939, 2062, 2059, 1972, 2194, 2010, 
    2033, 2130, 1979, 1973, 2004, 1951, 1967, 1979, 2031, 2075, 2018, 2141, 
    2085, 2089, 2044, 2088, 2068, 2018, 2052, 2085, 1999, 2042, 2074, 2038, 
    2074, 2035, 2089, 2031, 2049, 2075, 2040, 2027, 2056, 2021, 2013, 2065, 
    2050, 2050, 2062, 2072, 1912, 2050, 2094, 1980, 2046, 2107, 2077, 1985, 
    2107, 2095, 1994, 2007, 2077, 1997, 1997, 2061, 2068, 2006, 2027, 2080, 
    1990, 1999, 2039, 2008, 2008, 2059, 2048, 2058, 2056, 2082, 2084, 2062, 
    2084, 2062, 2046, 2059, 2041, 2046, 2039, 2036, 2039, 2040, 2045, 2036, 
    2047, 2042, 2109, 999, 2287, 1761, 1126, 2406, 2181, 1674, 2422, 2099, 
    1682, 2073, 1878, 1694, 2118, 2010, 2131, 2285, 2083, 2215, 2100, 1871, 
    2111, 2101, 2019, 2386, 2132, 1925, 2225, 1976, 1735, 2033, 1902, 1736, 
    2025, 2015, 1900, 2105, 2113, 2080, 2161, 2129, 2147, 2085, 2035, 2114, 
    1115, 2824, 2123, 1799, 2237, 2267, 2739, 2000, 2130, 2961, 1899, 1904, 
    2669, 2007, 1713, 2250, 2168, 1564, 1976, 2225, 1567, 1939, 2131, 1732, 
    2058, 2002, 1995, 2207, 1901, 2251, 2223, 1862, 2322, 2127, 1952, 2269, 
    2094, 2034, 2133, 2053, 1993, 2014, 2036, 1907, 2011, 2012, 1873, 1992, 
    1718, 1617, 1695, 1715, 1819, 2006, 2147, 2289, 2315, 2373, 2381, 2166, 
    2160, 2061, 1883, 1885, 1912, 1872, 1874, 1991, 2069, 1993, 2155, 2069, 
    1943, 2015, 1923, 2500, 2064, 1797, 2980, 2454, 1834, 1918, 2789, 1879, 
    1895, 1564, 1926, 1791, 2116, 1880, 1969, 2156, 2150, 2268, 2253, 2324, 
    1551, 2310, 2459, 1751, 1540, 2544, 1944, 1657, 2330, 2183, 1692, 2192, 
    2566, 1858, 2023, 2214, 1994, 1810, 2251, 1801, 1740, 2098, 2054, 2019, 
    2114, 2114, 1996, 2172, 2210, 2058, 1893, 2182, 2067, 1988, 1974, 2033, 
    1909, 2058, 2116, 2007, 2037, 2055, 2108, 2085, 2061, 2257, 2241, 2509, 
    1967, 3483, 2368, 1861, 1487, 1531, 1041, 2055, 2212, 1996, 2371, 2262, 
    2767, 2329, 2276, 1726, 1755, 1297, 2232, 1968, 2008, 2054, 2079, 2121, 
    2222, 2180, 1933, 1985, 1750, 2220, 1896, 2063, 2073, 2112, 1888, 2363, 
    2152, 2033, 2060, 1923, 1944, 2043, 2075, 1995, 2072, 1957, 2239, 2162, 
    2074, 2133, 2056, 1933, 2075, 2072, 1945, 2005, 2061, 2119, 2017, 2047, 
    2109, 2015, 2006, 2086, 2036, 1964, 2043, 2042, 2081, 2073, 2052, 2092, 
    2073, 2022, 2097, 2053, 2040, 2151, 2041, 2033, 2023, 2080, 2032, 2080, 
    1969, 2007, 2034, 2053, 2052, 2029, 2084, 2058, 2173, 2102, 2112, 1985, 
    1964, 2069, 1984, 1939, 2064, 2045, 1999, 2179, 2131, 2061, 2073, 2080, 
    2001, 2028, 2033, 2032, 2001, 2033, 2074, 2061, 2019, 2057, 2053, 1999, 
    2060, 2058, 2020, 2052, 2056, 2055, 2057, 2055, 2045, 2051, 2041, 2068, 
    2058, 2039, 2046, 2037, 2048, 2091, 2118, 2021, 2150, 2100, 2038, 1989, 
    1990, 2029, 2035, 2054, 2070, 2059, 2035, 2111, 2055, 2010, 2027, 2003, 
    2008, 2049, 2066, 2072, 2066, 2059, 2090, 2061, 2052, 2064, 2033, 2028, 
    2030, 2043, 2041, 2053, 2038, 2044, 2060, 2051, 2055, 2042, 2030, 2035, 
    2073, 2033, 2059, 2045, 2611, 2774, 2011, 1431, 2091, 1649, 1630, 1320, 
    1534, 2609, 2459, 2508, 2711, 2162, 1424, 2313, 1850, 1632, 1752, 1854, 
    2018, 2400, 2500, 2356, 2003, 1782, 2302, 1986, 1934, 2037, 1945, 1693, 
    2361, 2197, 2098, 2081, 2005, 1991, 2032, 2066, 1965, 1984, 1818, 2276, 
    2050, 2144, 2134, 1923, 1997, 2932, 2472, 1367, 2202, 1607, 2067, 1841, 
    1556, 1902, 2101, 2451, 1923, 1980, 2517, 2495, 1707, 2239, 1877, 2174, 
    1823, 1855, 1902, 1991, 2212, 1921, 1899, 2373, 2318, 1837, 2281, 2009, 
    2220, 1891, 1954, 1948, 1987, 2101, 2011, 1892, 2187, 2255, 1890, 2146, 
    2046, 2630, 2627, 2474, 2271, 2035, 1881, 1580, 1643, 1777, 1830, 1818, 
    2139, 2173, 2301, 2252, 2234, 2165, 2038, 2031, 1983, 1904, 1938, 1953, 
    1872, 2096, 2057, 2067, 1970, 2030, 2062, 2041, 2067, 2044, 2033, 2039, 
    2090, 2021, 2051, 2052, 2033, 2011, 2044, 2055, 2048, 2036, 2040, 2074, 
    967, 1808, 2650, 1381, 2031, 2391, 3043, 1558, 2161, 2655, 1982, 1529, 
    2439, 1470, 1869, 2325, 1735, 1876, 2211, 2687, 1739, 2084, 2544, 2096, 
    1683, 2215, 1791, 1976, 2095, 1800, 2018, 2038, 2336, 1917, 2039, 2268, 
    2183, 1859, 2161, 1929, 2039, 2032, 1914, 2053, 2007, 2134, 1963, 1703, 
    1751, 1750, 1557, 1961, 2038, 2193, 2338, 2352, 2437, 2159, 2099, 1833, 
    1761, 1750, 1846, 1821, 2130, 2231, 2281, 2317, 2236, 2198, 2277, 2181, 
    1658, 2091, 2346, 1811, 1846, 2392, 1912, 1784, 2356, 2096, 1752, 2197, 
    2247, 1771, 2106, 2278, 1879, 1914, 2316, 1953, 1848, 2095, 2047, 2047
};

// Lookup table for LUT_guitar
// 3000 samples, 12-bit resolution (0-4095)
uint16_t LUT_guitar[3000] = {
    2047, 2047, 2047, 2047, 2047, 2047, 2047, 2047, 2093, 2055, 2064, 1747, 
    2446, 2011, 1374, 2850, 1694, 1658, 2635, 1785, 1752, 2417, 2103, 1755, 
    2256, 2076, 1886, 2129, 1949, 2150, 2044, 1770, 2450, 1892, 1734, 2537, 
    1860, 1708, 2491, 2036, 1653, 2460, 2084, 1634, 2435, 2080, 1670, 2327, 
    2100, 1802, 2224, 2114, 1973, 2057, 2073, 2077, 1932, 1982, 2211, 1924, 
    1915, 2313, 1957, 1832, 2332, 2034, 1729, 2360, 2103, 1712, 2349, 2136, 
    1693, 2297, 2164, 1720, 2211, 2198, 1812, 2121, 2194, 1914, 2023, 2109, 
    2027, 1961, 2009, 2165, 1995, 1918, 2233, 2055, 1825, 2254, 2122, 1754, 
    2264, 2182, 1725, 2236, 2216, 1708, 2198, 2242, 1733, 2144, 2235, 1837, 
    2077, 2160, 1911, 2075, 2068, 2211, 2222, 1561, 2117, 2078, 1891, 2488, 
    1972, 1577, 2202, 2262, 1877, 2372, 2091, 1509, 2133, 2371, 1994, 2135, 
    2032, 1640, 2137, 2366, 2044, 2029, 1964, 1849, 2106, 2246, 2143, 1868, 
    1786, 2065, 2248, 2118, 2155, 1949, 1696, 2154, 2225, 1949, 1536, 2074, 
    1883, 2033, 3386, 1805, 1556, 2334, 924, 2215, 2334, 1247, 1808, 1672, 
    2868, 2760, 2635, 2562, 1977, 2342, 2245, 2255, 2104, 1453, 2056, 1605, 
    2209, 2265, 1666, 2330, 2248, 2448, 2457, 2247, 1921, 1390, 2336, 2116, 
    2001, 2456, 1470, 2307, 2073, 2161, 2191, 1925, 2058, 2025, 2155, 2177, 
    2137, 2127, 1979, 2071, 2037, 1981, 2004, 1980, 2016, 2037, 2084, 2125, 
    2050, 2091, 2056, 2063, 2062, 2010, 2014, 1962, 2022, 2068, 2036, 2081, 
    2054, 2077, 2083, 2106, 2071, 2012, 2032, 1987, 2029, 2049, 2012, 2037, 
    2030, 2060, 2072, 2081, 2077, 2028, 2054, 2044, 2034, 2047, 2018, 2036, 
    2029, 2072, 2079, 2035, 2062, 2041, 2051, 2086, 2037, 2037, 2026, 2070, 
    2064, 2054, 2075, 2010, 2016, 2060, 2033, 2034, 2018, 2026, 2040, 2056, 
    2086, 2035, 2037, 2044, 2034, 2066, 2043, 2023, 2025, 2029, 2077, 2051, 
    2060, 2051, 2028, 2079, 2093, 1992, 1784, 1949, 2433, 2181, 2093, 1734, 
    2063, 2351, 2103, 2075, 1868, 1700, 2040, 2194, 2263, 2059, 1731, 1852, 
    2214, 2285, 2205, 1994, 1811, 2021, 2195, 2280, 2088, 1894, 1793, 2059, 
    2327, 2274, 1954, 1861, 1896, 2043, 2309, 2189, 1911, 1781, 1921, 2189, 
    2209, 2040, 1966, 1958, 2062, 2115, 2091, 2028, 1992, 2019, 2058, 2072, 
    2067, 2033, 2030, 2065, 2061, 2062, 2043, 2030, 2029, 2049, 2063, 2056, 
    2029, 2031, 2049, 2052, 2074, 2057, 2027, 2035, 2049, 2067, 2057, 2049, 
    2026, 2033, 2058, 2069, 2059, 2039, 2024, 2038, 2060, 2065, 1740, 2800, 
    1281, 1936, 2606, 2112, 1805, 1805, 2821, 1587, 1846, 2197, 2408, 1631, 
    1866, 2567, 2079, 1541, 2053, 2557, 1946, 1769, 2104, 2459, 1711, 1992, 
    2098, 2382, 1671, 1926, 2354, 2112, 1774, 1905, 2575, 1973, 1739, 2025, 
    2460, 1841, 1809, 2183, 2362, 1639, 1994, 2324, 2136, 1708, 1973, 2516, 
    1911, 1840, 1944, 2418, 1951, 1824, 2140, 2285, 1784, 1899, 2319, 2258, 
    1660, 1968, 2458, 1997, 1820, 1971, 2444, 1878, 1856, 2167, 2289, 1854, 
    1852, 2297, 2209, 1734, 1964, 2357, 2066, 1760, 1999, 2458, 1877, 1860, 
    2069, 2340, 1876, 1878, 2271, 2166, 1758, 1941, 2362, 2101, 1731, 2025, 
    2382, 1940, 1836, 2093, 2369, 1792, 2293, 1962, 2375, 1910, 1636, 2205, 
    1984, 1723, 1876, 2321, 1962, 1798, 2354, 2448, 2001, 2203, 2189, 2064, 
    1781, 1699, 2123, 2099, 1624, 1946, 2444, 2142, 2021, 2271, 2412, 1959, 
    1911, 1953, 2031, 1794, 1813, 2089, 2166, 1737, 1604, 2602, 1918, 2167, 
    2365, 2322, 2410, 1600, 1849, 2030, 696, 2501, 1961, 2386, 2204, 2194, 
    2636, 1746, 1759, 1392, 1442, 1908, 1701, 2150, 2729, 2231, 2339, 2259, 
    2250, 1619, 1790, 2187, 2143, 1929, 2166, 2287, 2079, 1807, 1944, 2158, 
    1856, 2079, 2259, 2496, 2025, 2103, 2098, 2013, 1927, 1844, 1950, 2025, 
    2016, 1946, 2006, 2154, 2044, 2077, 2192, 2117, 2044, 2076, 2060, 2003, 
    1972, 2004, 2017, 2042, 2047, 2092, 2099, 2057, 2045, 2081, 2043, 2015, 
    2015, 2033, 2023, 2027, 2040, 2080, 2061, 2060, 2063, 2081, 2016, 2024, 
    2063, 2052, 2025, 2040, 2067, 2035, 2034, 2060, 2067, 2044, 2042, 2054, 
    2055, 2034, 2057, 2049, 2055, 2022, 2031, 2049, 2038, 2051, 2038, 2080, 
    2045, 2054, 2079, 2051, 2025, 2027, 2038, 2042, 2025, 2047, 2050, 2061, 
    2046, 2058, 2075, 2034, 2052, 2040, 2031, 2030, 2039, 2053, 2052, 2048, 
    2052, 2053, 2044, 2023, 2046, 2004, 2052, 2018, 2058, 2186, 2288, 1992, 
    2002, 1900, 1997, 1773, 1987, 2045, 1962, 2346, 2327, 2177, 2137, 1958, 
    1794, 2006, 1989, 1961, 2058, 2026, 1956, 2124, 2151, 2167, 2180, 2120, 
    1969, 1870, 2069, 2032, 1941, 2105, 1975, 1936, 2107, 2104, 2096, 2205, 
    2145, 2003, 1944, 2012, 2010, 1982, 2056, 2010, 1948, 2078, 2121, 2095, 
    2178, 2134, 2046, 2006, 1996, 2035, 2043, 2029, 2030, 2028, 2034, 2049, 
    2056, 2053, 2062, 2048, 2051, 2057, 2050, 2048, 2046, 2047, 2043, 2032, 
    2045, 2047, 2043, 2048, 2051, 2056, 2049, 2045, 2051, 2047, 2038, 2049, 
    2061, 2035, 2057, 1999, 1800, 2037, 2445, 2368, 2135, 1769, 1857, 2229, 
    2179, 2236, 1918, 1763, 2118, 2156, 2331, 2330, 1790, 1774, 2250, 2255, 
    2276, 2068, 1806, 1922, 2079, 2307, 2243, 1931, 1789, 1978, 2217, 2269, 
    2063, 1868, 1819, 2040, 2290, 2254, 2025, 1821, 1851, 2165, 2339, 2162, 
    1925, 1808, 1944, 2177, 2256, 2091, 1824, 1812, 2062, 2228, 2205, 1989, 
    1802, 1886, 2132, 2308, 2173, 1912, 1840, 1969, 2156, 2281, 2117, 1844, 
    1859, 2064, 2224, 2210, 2021, 1826, 1878, 2108, 2253, 2147, 1930, 1834, 
    1953, 2172, 2265, 2128, 1890, 1873, 2042, 2201, 2213, 2087, 1814, 1924, 
    2096, 2318, 2191, 1755, 1842, 1786, 1969, 2192, 2231, 1991, 1863, 2207, 
    2172, 2206, 2180, 1816, 1844, 2115, 2050, 2049, 2027, 1750, 1925, 2201, 
    2165, 2202, 1997, 1903, 2141, 2273, 2265, 2182, 2014, 1922, 2127, 2250, 
    2130, 2012, 1883, 1903, 2113, 2182, 2027, 1877, 1802, 1824, 2066, 2235, 
    2163, 1979, 1315, 1853, 2223, 2649, 1582, 1251, 2206, 2306, 1617, 2807, 
    1930, 1716, 2658, 2029, 2364, 1885, 2603, 1470, 2178, 2146, 1873, 1669, 
    1663, 1807, 1920, 2421, 2265, 2097, 1921, 2699, 1984, 2199, 2087, 2282, 
    1589, 2028, 2204, 2287, 1768, 1690, 2015, 1881, 2169, 1867, 2144, 2060, 
    2094, 1953, 2136, 2070, 2028, 2015, 2103, 1959, 2174, 1930, 2100, 2024, 
    2082, 2024, 2059, 2017, 1986, 2121, 2056, 2054, 2029, 2045, 2000, 2099, 
    2054, 2028, 2020, 2050, 2057, 2031, 2059, 2036, 2051, 2030, 2063, 2065, 
    2050, 2024, 2023, 2051, 2069, 2077, 2031, 2037, 2033, 2059, 2038, 2061, 
    2039, 2049, 2049, 2073, 2047, 2050, 2041, 2030, 2059, 2044, 2072, 2023, 
    2033, 2045, 2043, 2062, 2067, 2048, 2043, 2054, 2058, 2052, 2033, 2045, 
    2050, 2060, 2053, 2062, 2022, 2043, 2027, 2059, 2052, 2035, 2028, 2043, 
    2054, 2054, 2050, 2055, 2037, 2032, 2059, 2059, 2074, 2016, 2080, 2024, 
    2095, 2047, 2019, 1981, 2119, 1981, 2004, 2278, 1918, 1967, 2170, 2088, 
    1941, 1949, 2200, 2033, 1932, 2024, 2177, 2064, 1932, 2047, 2194, 2083, 
    1839, 2133, 2196, 1948, 1881, 2207, 2116, 1958, 1903, 2174, 2154, 1912, 
    2002, 2203, 2069, 1855, 2131, 2146, 2031, 1855, 2154, 2135, 1980, 1924, 
    2162, 2131, 1927, 2014, 2143, 2106, 1868, 2110, 2135, 2076, 1895, 2099, 
    2097, 2037, 2006, 2061, 2066, 2038, 2042, 2045, 2058, 2051, 2034, 2042, 
    2062, 2056, 2024, 2049, 2065, 2044, 2034, 2050, 2060, 2037, 2042, 2053, 
    2058, 2028, 2057, 2056, 2053, 2165, 1844, 1757, 2290, 2405, 2221, 1887, 
    1873, 2195, 2266, 2326, 2104, 1832, 1927, 2009, 2260, 2349, 1946, 1756, 
    2022, 2109, 2243, 2193, 1848, 1855, 1996, 2160, 2294, 2100, 1794, 1834, 
    2124, 2271, 2203, 1991, 1828, 1906, 2121, 2255, 2171, 1872, 1793, 2004, 
    2200, 2203, 2046, 1822, 1842, 2097, 2241, 2209, 1975, 1824, 1901, 2157, 
    2288, 2134, 1904, 1863, 1995, 2190, 2237, 2052, 1850, 1851, 2104, 2232, 
    2156, 1973, 1858, 1907, 2132, 2257, 2154, 1921, 1850, 2025, 2182, 2230, 
    2094, 1895, 1880, 2078, 2209, 2200, 1996, 1843, 1928, 2128, 2231, 2151, 
    1895, 1787, 2216, 2086, 2364, 2221, 1883, 1848, 2088, 2377, 2276, 2313, 
    2150, 2028, 2272, 2369, 2176, 2107, 2011, 2101, 2255, 2316, 2079, 1870, 
    1918, 2010, 2249, 2327, 2141, 2011, 2072, 2193, 2263, 2270, 2083, 1955, 
    2081, 2167, 2143, 1990, 1759, 1660, 1777, 1919, 1914, 1804, 1689, 1725, 
    2020, 2077, 2145, 1682, 2185, 1880, 2015, 1616, 2451, 2103, 2032, 2219, 
    2106, 2331, 2440, 1692, 1747, 2343, 2084, 2284, 2140, 2085, 2121, 2485, 
    2157, 2400, 2284, 2020, 1789, 1992, 2034, 1974, 1857, 1797, 2212, 2318, 
    2205, 2017, 2124, 2133, 2292, 2129, 2116, 1955, 2112, 1608, 1835, 2756, 
    1766, 1983, 1732, 2570, 1998, 1312, 2344, 2365, 1570, 1921, 2483, 2191, 
    1378, 2123, 2546, 1721, 2022, 1960, 2611, 1683, 1852, 2294, 2119, 1887, 
    1747, 2385, 2183, 1638, 1993, 2445, 2049, 1705, 2061, 2583, 1577, 1955, 
    2180, 2363, 1844, 1776, 2479, 2041, 1768, 1995, 2407, 2007, 1706, 2101, 
    2431, 1827, 1918, 2049, 2442, 1735, 1901, 2397, 2105, 1886, 1865, 2491, 
    2043, 1704, 2082, 2384, 1937, 1830, 2181, 2386, 1718, 1955, 2230, 2178, 
    1800, 1837, 2436, 1964, 1802, 2008, 2364, 1936, 1745, 2164, 2320, 1797, 
    1898, 2219, 2257, 1736, 1945, 2360, 1953, 1897, 1934, 2424, 1952, 2052, 
    2114, 1797, 1683, 1656, 2163, 2114, 1899, 2115, 2614, 2321, 2102, 2091, 
    2567, 1813, 1553, 1723, 1985, 1560, 1768, 2284, 2396, 2259, 2123, 2614, 
    2400, 1905, 1976, 2047, 1610, 1632, 1734, 2276, 1872, 2046, 2479, 2443, 
    2130, 2066, 2370, 2075, 1532, 1670, 1966, 1887, 1759, 1752, 2946, 2421, 
    1952, 2278, 2277, 2783, 1460, 1677, 2603, 1265, 1618, 2463, 1956, 2234, 
    2456, 2632, 2097, 1709, 2244, 2192, 1671, 2159, 2071, 1822, 2082, 2188, 
    1637, 1986, 2273, 2004, 1895, 2219, 2245, 1904, 2256, 2089, 1724, 1953, 
    2154, 1936, 2074, 2298, 2146, 1965, 1909, 2385, 1629, 2154, 2342, 1468, 
    2456, 1974, 1665, 2486, 1997, 1719, 2347, 2136, 1633, 2389, 2222, 1546, 
    2498, 2092, 1505, 2579, 1898, 1714, 2457, 2032, 1835, 2270, 2186, 1894, 
    2046, 2069, 2048, 1895, 1923, 2300, 1922, 1849, 2362, 1952, 1783, 2410, 
    1965, 1755, 2426, 2032, 1710, 2400, 2067, 1643, 2349, 2133, 1698, 2268, 
    2215, 1798, 2182, 2199, 1918, 2024, 2076, 2064, 1921, 1974, 2205, 1967, 
    1945, 2263, 2026, 1840, 2294, 2104, 1739, 2319, 2156, 1682, 2278, 2176, 
    1648, 2239, 2231, 1718, 2173, 2249, 1835, 2074, 2190, 1933, 1976, 2072, 
    2042, 1979, 1980, 2178, 2054, 1890, 2215, 2135, 1802, 2245, 2240, 1648, 
    2098, 2456, 1718, 2210, 2142, 1501, 2320, 2410, 1670, 2097, 2193, 1771, 
    2134, 2319, 1934, 1860, 1902, 2130, 2227, 2009, 2145, 1998, 1740, 2190, 
    2323, 1850, 2076, 2142, 1681, 2275, 2453, 1697, 1960, 2232, 1768, 2155, 
    2551, 1700, 1702, 2078, 1777, 2233, 2679, 1647, 1715, 1635, 2094, 2038, 
    1528, 2204, 1543, 1898, 2009, 2149, 1078, 1813, 1856, 2026, 2341, 2231, 
    1539, 2001, 2331, 1980, 2555, 1710, 2060, 1455, 2114, 1867, 2075, 2109, 
    2119, 2228, 2503, 2390, 2474, 1865, 2014, 2373, 1572, 2455, 1811, 1862, 
    2076, 2126, 2081, 2202, 1982, 2002, 2080, 2141, 2019, 2106, 2070, 2010, 
    2079, 2063, 2018, 2064, 2015, 1992, 2061, 2067, 2040, 2014, 2055, 2028, 
    2050, 2084, 2035, 2009, 2067, 2030, 2051, 2082, 2035, 2032, 2057, 2074, 
    2066, 2063, 2032, 2026, 2041, 2044, 2057, 2019, 2035, 2021, 2038, 2065, 
    2064, 2033, 2053, 2062, 2044, 2059, 2056, 2023, 2025, 2075, 2033, 2046, 
    2062, 2023, 2044, 2076, 2060, 2045, 2041, 2034, 2044, 2048, 2047, 2045, 
    2028, 2064, 2064, 2056, 2066, 2056, 2035, 2058, 2066, 2045, 2021, 2049, 
    2021, 2043, 2065, 2025, 2035, 2043, 2044, 2042, 2090, 2023, 2016, 2104, 
    1738, 2005, 2474, 2347, 2138, 1777, 1867, 2267, 2147, 2198, 1910, 1810, 
    2085, 2169, 2294, 2267, 1783, 1760, 2240, 2231, 2242, 2050, 1815, 1897, 
    2111, 2255, 2234, 1897, 1784, 1960, 2172, 2228, 2037, 1875, 1809, 2062, 
    2265, 2244, 2008, 1865, 1859, 2186, 2307, 2127, 1972, 1940, 2006, 2104, 
    2114, 2049, 1999, 2003, 2059, 2069, 2065, 2027, 2026, 2050, 2055, 2067, 
    2051, 2027, 2034, 2056, 2061, 2062, 2038, 2026, 2035, 2057, 2067, 2052, 
    2035, 2029, 2039, 2069, 2070, 2044, 2032, 2030, 2046, 2063, 2066, 2040, 
    2019, 2037, 2057, 2060, 2055, 2010, 2117, 1444, 2355, 2465, 1764, 1749, 
    2299, 2398, 1457, 2032, 2554, 1826, 1773, 2145, 2637, 1664, 1880, 2344, 
    2068, 1773, 1920, 2395, 2111, 1710, 2082, 2363, 1993, 1775, 2081, 2450, 
    1732, 1934, 2168, 2318, 1793, 1858, 2411, 2070, 1753, 1978, 2400, 1981, 
    1763, 2144, 2374, 1807, 1885, 2170, 2301, 1741, 1955, 2304, 2096, 1894, 
    1916, 2386, 1979, 1798, 2058, 2344, 1906, 1790, 2201, 2329, 1799, 1947, 
    2242, 2140, 1806, 1949, 2408, 1956, 1821, 2026, 2351, 1947, 1840, 2169, 
    2265, 1834, 1919, 2261, 2204, 1774, 1970, 2334, 2021, 1857, 1994, 2354, 
    1921, 1853, 2178, 2258, 1913, 1820, 2259, 2162, 1908, 1937, 2112, 2182, 
    1572, 2103, 2350, 2075, 2224, 2055, 2143, 1925, 1938, 2081, 2142, 1752, 
    1836, 2168, 2043, 1886, 2266, 2463, 2000, 1889, 2057, 2271, 1934, 1765, 
    2056, 2065, 1828, 1851, 2326, 2325, 1995, 2048, 2217, 1956, 1956, 2042, 
    2120, 1860, 1738, 1645, 1872, 2623, 1647, 2787, 2609, 2665, 1960, 1644, 
    1637, 1561, 1361, 2936, 1863, 2172, 2733, 2055, 2469, 1667, 1561, 1852, 
    1589, 2144, 2071, 2331, 2548, 2197, 2483, 1864, 1612, 1652, 1785, 1967, 
    1893, 2324, 2334, 2159, 2146, 1951, 2047, 1719, 1991, 2422, 2216, 2079, 
    2014, 2176, 2126, 1786, 1837, 1912, 2011, 2024, 2040, 2161, 2024, 2079, 
    2115, 2142, 2084, 2037, 2074, 2044, 1983, 1985, 1993, 2016, 2034, 2080, 
    2093, 2085, 2068, 2069, 2049, 2018, 1988, 2029, 2043, 2016, 2042, 2087, 
    2052, 2077, 2086, 2086, 2045, 2024, 2015, 2046, 2013, 2028, 2065, 2052, 
    2041, 2044, 2059, 2045, 2043, 2065, 2052, 2046, 2040, 2058, 2066, 2030, 
    2057, 2038, 2056, 2040, 2040, 2059, 2034, 2035, 2040, 2081, 2040, 2043, 
    2053, 2043, 2031, 2055, 2056, 2069, 2040, 2051, 2051, 2047, 2050, 2040, 
    2047, 2039, 2028, 2048, 2050, 2042, 2048, 2059, 2052, 2039, 2062, 2043, 
    2038, 2039, 1965, 2216, 2095, 1986, 2064, 1914, 1769, 2137, 1693, 2145, 
    2360, 2312, 2482, 2006, 1778, 2014, 1983, 1907, 2106, 1944, 1812, 2087, 
    2102, 2207, 2311, 2269, 2045, 1782, 2010, 2038, 1830, 2217, 1989, 1789, 
    2101, 2092, 2058, 2266, 2253, 2045, 1912, 2003, 2051, 1955, 2068, 2046, 
    1865, 2018, 2131, 2031, 2185, 2216, 2099, 1997, 1930, 2029, 2036, 1993, 
    2066, 2017, 1990, 2054, 2067, 2052, 2070, 2060, 2054, 2050, 2045, 2054, 
    2054, 2037, 2043, 2033, 2041, 2044, 2047, 2050, 2048, 2047, 2059, 2057, 
    2047, 2053, 2043, 2044, 2047, 2036, 2048, 2057, 2031, 2013, 2065, 1767, 
    2231, 2326, 1942, 1675, 1622, 2044, 2331, 1888, 1849, 1824, 1963, 2174, 
    2322, 2124, 1897, 1644, 2028, 2423, 2134, 1942, 1861, 1849, 1982, 2299, 
    2233, 1870, 1771, 1956, 2195, 2307, 2087, 1823, 1849, 2068, 2301, 2308, 
    2068, 1790, 1880, 2144, 2352, 2223, 1900, 1809, 1976, 2169, 2266, 2138, 
    1789, 1823, 2085, 2265, 2234, 2043, 1802, 1915, 2149, 2304, 2227, 1926, 
    1849, 1979, 2193, 2250, 2125, 1840, 1837, 2075, 2243, 2197, 2008, 1821, 
    1859, 2119, 2278, 2176, 1913, 1832, 1951, 2180, 2281, 2162, 1889, 1847, 
    2055, 2200, 2216, 2038, 1821, 1836, 2134, 2122, 2182, 1808, 1855, 1895, 
    2061, 2193, 1930, 1914, 1806, 1768, 2277, 2177, 2021, 2051, 1930, 2089, 
    2419, 2211, 2092, 2102, 1945, 2182, 2319, 2058, 1965, 1937, 2032, 2186, 
    2214, 1990, 1804, 1858, 1963, 2115, 2130, 1882, 1797, 1936, 2102, 2225, 
    2151, 1882, 1832, 1993, 2079, 2371, 1985, 2235, 1989, 2289, 2180, 2254, 
    2039, 1859, 1939, 1673, 2432, 1777, 2650, 1381, 2318, 2847, 2179, 1592, 
    2298, 1946, 1527, 1753, 2634, 1683, 1866, 2145, 2220, 2137, 2041, 2490, 
    1471, 2280, 2338, 2455, 1630, 2344, 1922, 1681, 1932, 2071, 1787, 1671, 
    1886, 1865, 2369, 2218, 2105, 1923, 2124, 2127, 2161, 2003, 2047, 2003, 
    2143, 2085, 2013, 2034, 1998, 2080, 2042, 2060, 1983, 2082, 2030, 2060, 
    2081, 2076, 2019, 2044, 2039, 2065, 2043, 2048, 2014, 2002, 2069, 2045, 
    2072, 2038, 2051, 2033, 2089, 2062, 2041, 2033, 2032, 2037, 2062, 2055, 
    2032, 2042, 2030, 2072, 2049, 2064, 2033, 2041, 2049, 2057, 2064, 2039, 
    2036, 2025, 2067, 2064, 2043, 2040, 2059, 2020, 2057, 2041, 2079, 2028, 
    2045, 2068, 2062, 2055, 2037, 2045, 2008, 2045, 2064, 2036, 2020, 2052, 
    2048, 2055, 2049, 2061, 2028, 2046, 2061, 2060, 2060, 2040, 2052, 2026, 
    2061, 2057, 2048, 2020, 2035, 2045, 2034, 2027, 2042, 2058, 2064, 2040, 
    1999, 2169, 2011, 1970, 2065, 2194, 2040, 1924, 2086, 2205, 1942, 1877, 
    2249, 2038, 1946, 1939, 2188, 2075, 2003, 1943, 2212, 2076, 1888, 2123, 
    2163, 2026, 1844, 2155, 2117, 2013, 1851, 2195, 2115, 1958, 1952, 2189, 
    2115, 1887, 2066, 2175, 2071, 1831, 2142, 2125, 2037, 1869, 2161, 2142, 
    1952, 1972, 2165, 2110, 1912, 2050, 2102, 2078, 1966, 2060, 2069, 2057, 
    2018, 2045, 2058, 2055, 2036, 2040, 2051, 2061, 2038, 2043, 2058, 2051, 
    2037, 2046, 2062, 2043, 2035, 2044, 2064, 2040, 2036, 2061, 2034, 2039, 
    1981, 1655, 1993, 2335, 2212, 1936, 1726, 2010, 2376, 2254, 2171, 1825, 
    1697, 2049, 2145, 2209, 2169, 1789, 1756, 2206, 2260, 2224, 1927, 1800, 
    2076, 2207, 2302, 2224, 1893, 1772, 2109, 2371, 2349, 1989, 1891, 1907, 
    2057, 2278, 2244, 1900, 1807, 1932, 2199, 2318, 2071, 1846, 1823, 2081, 
    2289, 2297, 2047, 1863, 1825, 2137, 2353, 2216, 1909, 1843, 1973, 2117, 
    2256, 2115, 1836, 1768, 2084, 2202, 2197, 2009, 1828, 1850, 2106, 2295, 
    2226, 1948, 1823, 1996, 2143, 2272, 2128, 1891, 1841, 2048, 2185, 2214, 
    2016, 1801, 1858, 2089, 2262, 2157, 1923, 1847, 2093, 2650, 2612, 2469, 
    1983, 1971, 1963, 2201, 2373, 2114, 2048, 2064, 2141, 2259, 2262, 2039, 
    1925, 2106, 2298, 2367, 2332, 1960, 1880, 2026, 2065, 2094, 1933, 1638, 
    1602, 1797, 1925, 1882, 1817, 1737, 1816, 2052, 2190, 2049, 1871, 1842, 
    1926, 2111, 2209, 2052, 1842, 1877, 2009, 2116, 2204, 2080, 1783, 2250, 
    1927, 2415, 2490, 2468, 1947, 2140, 2289, 1954, 2067, 1833, 1926, 2357, 
    2063, 1921, 1732, 1976, 1737, 1933, 1939, 1970, 1605, 2022, 2348, 2576, 
    2425, 2249, 2366, 2227, 2161, 1901, 2165, 1823, 1566, 1430, 1841, 1999, 
    2084, 1679, 1702, 1857, 1905, 1956, 2456, 1490, 1976, 2254, 2270, 1908, 
    1705, 2913, 1730, 1836, 2273, 2455, 1700, 1605, 2495, 2176, 1534, 2225, 
    2335, 1997, 1711, 2039, 2536, 1696, 2053, 1969, 2512, 1755, 1709, 2379, 
    2174, 1790, 1887, 2441, 2094, 1611, 2115, 2535, 1822, 1850, 2055, 2451, 
    1649, 1995, 2327, 2132, 1898, 1828, 2501, 2059, 1759, 2039, 2383, 1984, 
    1801, 2120, 2443, 1750, 1909, 2185, 2264, 1736, 1805, 2453, 1971, 1822, 
    1952, 2371, 1961, 1707, 2131, 2380, 1829, 1898, 2192, 2299, 1739, 1947, 
    2341, 2052, 1840, 1880, 2467, 1980, 1810, 2120, 2343, 1912, 1841, 2206, 
    2264, 1763, 1967, 2280, 2166, 1768, 1831, 2203, 1893, 1828, 2165, 2564, 
    2216, 1961, 2522, 2325, 1925, 1836, 1911, 1849, 1450, 1671, 2329, 2081, 
    2061, 2387, 2619, 2192, 2033, 2214, 2129, 1573, 1519, 1986, 1912, 1738, 
    1969, 2499, 2340, 2089, 2208, 2506, 1984, 1850, 1824, 1972, 1625, 1645, 
    2194, 2246, 2126, 2158, 2281, 1897, 2199, 1408, 2335, 2001, 1761, 1021, 
    2111, 2209, 1094, 2814, 2474, 2166, 2085, 2329, 2264, 1518, 1949, 1950, 
    1425, 1959, 2169, 2124, 2091, 2142, 2296, 1813, 2113, 2212, 1622, 2223, 
    2331, 1977, 1970, 2305, 1977, 1910, 2262, 1798, 1749, 2233, 2049, 2045
};

// Lookup table for LUT_drum
// 3000 samples, 12-bit resolution (0-4095)
uint16_t LUT_drum[3000] = {
    2047, 2047, 2046, 2048, 2052, 2047, 2047, 1476, 1983, 3025, 2, 3602, 
    3923, 507, 1952, 1311, 1607, 3419, 4079, 2284, 0, 237, 2569, 2878, 
    3176, 2849, 672, 1795, 2273, 2138, 2157, 2296, 2171, 1547, 1399, 2179, 
    2787, 2412, 2249, 1549, 1409, 1930, 2650, 2312, 1905, 1911, 2116, 1885, 
    1889, 2030, 2328, 2397, 1923, 1442, 1817, 2310, 2411, 2247, 1722, 1782, 
    2209, 2208, 1956, 1882, 2187, 2253, 1983, 1809, 1919, 2168, 2266, 2099, 
    1927, 1872, 2079, 2173, 2050, 1945, 2054, 2130, 2080, 1969, 1985, 2087, 
    2098, 2076, 2029, 1985, 2011, 2075, 2127, 2087, 1985, 1980, 2044, 2092, 
    2072, 2037, 2037, 2088, 1833, 2066, 2037, 1453, 3919, 45, 3213, 2546, 
    442, 1729, 2406, 4088, 2655, 1771, 5, 2197, 2581, 3374, 3476, 705, 
    1410, 2345, 1876, 2167, 2421, 2137, 1924, 1072, 1993, 2690, 2410, 2527, 
    1728, 1298, 1804, 2402, 2528, 2042, 1866, 2065, 1953, 1909, 1980, 2150, 
    2408, 2268, 1559, 1650, 2186, 2446, 2353, 1849, 1671, 2081, 2236, 2052, 
    1884, 2048, 2287, 2106, 1848, 1844, 2082, 2264, 2185, 1985, 1855, 2011, 
    2175, 2105, 1953, 2013, 2122, 2103, 2007, 1957, 2042, 2116, 2081, 2052, 
    1990, 2001, 2047, 2115, 2118, 2014, 1972, 2021, 2081, 2082, 2045, 2030, 
    2063, 2030, 1909, 1, 3878, 1076, 1063, 3078, 1360, 3247, 814, 2901, 
    2591, 2287, 2093, 2084, 2376, 2665, 1818, 2633, 2042, 2349, 2358, 1522, 
    2385, 2006, 1796, 2534, 1661, 2285, 2221, 1867, 2273, 2017, 2069, 2110, 
    1895, 2122, 2000, 1984, 2112, 1977, 2103, 2026, 2045, 2130, 2023, 2069, 
    1986, 2009, 2086, 2068, 2095, 2024, 2048, 2055, 2039, 2037, 2029, 2046, 
    2063, 2072, 2052, 2029, 2038, 2061, 2045, 2033, 2046, 2039, 2071, 2040, 
    2061, 2047, 2034, 2056, 2041, 2046, 2053, 2042, 2049, 2040, 2046, 2046, 
    2049, 2061, 2047, 2043, 2048, 2049, 2052, 2047, 2052, 2064, 2031, 1525, 
    443, 3877, 837, 2333, 2762, 1312, 1760, 3221, 4089, 2279, 926, 0, 
    2989, 2974, 2666, 3630, 57, 1343, 2770, 2091, 2281, 2223, 2067, 1656, 
    1272, 2141, 3117, 2245, 2247, 1469, 1090, 2102, 2403, 2490, 1885, 1800, 
    2003, 1833, 1866, 2469, 2551, 2010, 1674, 1582, 2296, 2466, 2167, 1935, 
    1963, 2075, 2141, 1788, 1742, 2172, 2471, 2170, 1714, 1919, 2119, 2357, 
    2052, 1970, 1952, 2068, 2190, 2118, 1964, 1936, 2156, 2144, 2014, 1897, 
    2074, 2150, 2092, 1998, 2102, 2024, 2040, 2050, 2063, 1957, 1987, 2042, 
    2101, 2123, 2006, 1991, 2058, 2086, 2066, 2051, 1859, 1778, 1667, 1840, 
    2420, 2169, 1887, 1561, 1719, 2193, 2079, 2334, 2194, 2169, 2046, 2252, 
    2301, 2154, 2027, 2043, 2045, 1939, 2080, 2042, 2078, 2069, 2050, 2049, 
    2010, 2060, 2081, 2032, 2043, 2063, 2075, 2025, 2028, 2060, 2068, 2057, 
    2035, 2052, 2052, 2049, 2056, 2018, 2080, 2077, 2054, 2084, 1979, 2059, 
    2069, 2069, 2011, 2029, 2041, 2033, 2027, 2071, 2057, 2054, 2044, 2053, 
    2025, 2020, 2045, 2041, 2052, 2044, 2042, 2039, 2041, 2051, 2053, 2053, 
    2053, 2049, 2045, 2035, 2038, 2046, 2049, 2051, 2051, 2049, 2050, 2042, 
    2042, 2048, 2049, 2054, 2052, 2046, 2041, 1988, 1937, 2777, 2732, 1918, 
    1632, 2245, 1969, 1732, 2160, 1770, 1822, 2032, 2250, 2075, 1986, 1971, 
    2117, 2093, 2048, 2012, 2013, 2076, 2090, 2098, 2054, 2093, 2071, 2065, 
    2025, 2045, 2087, 2070, 2075, 2064, 2038, 2047, 2051, 2055, 2058, 2049, 
    2033, 2051, 2038, 2059, 2051, 2072, 2100, 2009, 2047, 2081, 2056, 2052, 
    2054, 2070, 2042, 2038, 2046, 2049, 2062, 2074, 2051, 2088, 2038, 2013, 
    2087, 2051, 2039, 2061, 2060, 2059, 2042, 2043, 2026, 2043, 2062, 2043, 
    2049, 2047, 2053, 2046, 2051, 2044, 2048, 2046, 2047, 2046, 2048, 2046, 
    2048, 2120, 2051, 2049, 1651, 4094, 20, 4079, 623, 1880, 2991, 1410, 
    2534, 1244, 2426, 1778, 1684, 2428, 1678, 2037, 2086, 1926, 2897, 1316, 
    2116, 2289, 1684, 2324, 1695, 2128, 2173, 1813, 2192, 2136, 1917, 2219, 
    1883, 2143, 2060, 1932, 2102, 2004, 2035, 2067, 2019, 2107, 2025, 2063, 
    2066, 2013, 2058, 2032, 2058, 2054, 2022, 2031, 2041, 2024, 2045, 2034, 
    2058, 2003, 2050, 2058, 2030, 2081, 2029, 2043, 2064, 2046, 2077, 2040, 
    2038, 2036, 2041, 2049, 2052, 2050, 2049, 2051, 2064, 2061, 2037, 2025, 
    2051, 2059, 2059, 2030, 2027, 2034, 2039, 2082, 2067, 2052, 2043, 2045, 
    2081, 1870, 2467, 1707, 2252, 2453, 2499, 1823, 2179, 2042, 2548, 2117, 
    1888, 2217, 2173, 1931, 1906, 2088, 2065, 1911, 2034, 2039, 2009, 1989, 
    2054, 1995, 2040, 2111, 2068, 2048, 2034, 2062, 2043, 2045, 2054, 2047, 
    2034, 2048, 2057, 2060, 2048, 2043, 2041, 2047, 2044, 2048, 2136, 2274, 
    1204, 1814, 3509, 745, 2464, 379, 2194, 2371, 4065, 2728, 1046, 1, 
    1031, 2701, 4066, 3204, 1109, 1520, 1667, 1836, 2026, 2744, 2569, 2038, 
    1291, 1102, 2043, 2874, 3099, 2031, 1141, 1583, 2427, 2297, 1967, 2022, 
    2135, 1988, 1801, 2021, 2405, 2241, 1915, 1657, 1995, 2305, 2325, 2049, 
    1822, 8, 2190, 4093, 363, 1390, 1729, 1858, 3732, 3884, 2233, 0, 
    424, 2635, 2990, 3188, 2550, 639, 1858, 2108, 2206, 2212, 2281, 2175, 
    1426, 1521, 2241, 2748, 2439, 2147, 1494, 1467, 1974, 2687, 2271, 1875, 
    1921, 2108, 1888, 1889, 2035, 2387, 2398, 1870, 1468, 1852, 2372, 2390, 
    2193, 1694, 1812, 2222, 2184, 1946, 1876, 2223, 2233, 1971, 1808, 1926, 
    2191, 2251, 2077, 1915, 1889, 2101, 2179, 2035, 1947, 2066, 2136, 2069, 
    1964, 1990, 2095, 2097, 2070, 2023, 1989, 2017, 2074, 2126, 2079, 1979, 
    1985, 2050, 2091, 2065, 2036, 2041, 2082, 2089, 2465, 2176, 2879, 2110, 
    1628, 2158, 1724, 1973, 1903, 1931, 1913, 2167, 2011, 2147, 1872, 1962, 
    2146, 2011, 2050, 2115, 2087, 1991, 2053, 2112, 2048, 1992, 2046, 2056, 
    2062, 2066, 1986, 2020, 2079, 2075, 2011, 2047, 2079, 2068, 2029, 2031, 
    2038, 2059, 2064, 2043, 2030, 2032, 2045, 2052, 2041, 2127, 2073, 2014, 
    2073, 2020, 2058, 2071, 2094, 2015, 2025, 2011, 2010, 2109, 2079, 2025, 
    2067, 2005, 2084, 2096, 2122, 2041, 2095, 2033, 2044, 2031, 2039, 2032, 
    2055, 2054, 2047, 2047, 2051, 2046, 2044, 2047, 2048, 2040, 2047, 2052, 
    2048, 2045, 2058, 2053, 2037, 2126, 1, 2168, 1867, 151, 2899, 613, 
    3107, 462, 1719, 2804, 1291, 2136, 2177, 1485, 2451, 1590, 2598, 1700, 
    1926, 2417, 1543, 2301, 2025, 1996, 2484, 1828, 2027, 2343, 1885, 2148, 
    2047, 2021, 2137, 1919, 2098, 2054, 1959, 2095, 1983, 2092, 2030, 2042, 
    2139, 2017, 2047, 1992, 2004, 2071, 2029, 2081, 2045, 2074, 2055, 2022, 
    2045, 2044, 2046, 2072, 2053, 2041, 2043, 2029, 2053, 2043, 2024, 2052, 
    2051, 2066, 2017, 2052, 2055, 2041, 2054, 2029, 2055, 2059, 2041, 2047, 
    2049, 2040, 2040, 2048, 2060, 2048, 2046, 2044, 2051, 2055, 2037, 2057, 
    2044, 1869, 1261, 237, 4011, 2048, 1566, 2306, 1583, 2176, 3239, 4090, 
    2327, 2, 0, 2542, 2982, 3061, 3206, 59, 1521, 2656, 2363, 2144, 
    2189, 1939, 1515, 1240, 2172, 3100, 2375, 2126, 1421, 1505, 1984, 2532, 
    2472, 1855, 1774, 2213, 1453, 1750, 2510, 2470, 2163, 1802, 1561, 2298, 
    2395, 2028, 1932, 2036, 2188, 2224, 1842, 1712, 2253, 2362, 2084, 1643, 
    1917, 2164, 2303, 2025, 1816, 1938, 2060, 2193, 1984, 1961, 1937, 2170, 
    2132, 1934, 1911, 2016, 2123, 2056, 2005, 2047, 2070, 2033, 2055, 2068, 
    1976, 1986, 2029, 2087, 2130, 2038, 2024, 2028, 2100, 2058, 2039, 2080, 
    2437, 2135, 2087, 1736, 2138, 2507, 2057, 1981, 2145, 1694, 1719, 1878, 
    2061, 2053, 2190, 2126, 2158, 1940, 2077, 2088, 1916, 2046, 2116, 2179, 
    2048, 2065, 2035, 2002, 2008, 2079, 2031, 2063, 2068, 2072, 2026, 2015, 
    2053, 2072, 2052, 2043, 2039, 2047, 2040, 2028, 2023, 2064, 2110, 1988, 
    2062, 2064, 2080, 2071, 2089, 2058, 2029, 2052, 2041, 2030, 2065, 2062, 
    2047, 2039, 2055, 2060, 2047, 2058, 2060, 2046, 2036, 2040, 2047, 2041, 
    2043, 2052, 2050, 2053, 2052, 2043, 2035, 2042, 2041, 2055, 2052, 2051, 
    2046, 2048, 2047, 2041, 2047, 2049, 2050, 2047, 2040, 1946, 2001, 3854, 
    369, 160, 4068, 841, 383, 1586, 1905, 3816, 3505, 2404, 1, 907, 
    2582, 3280, 3294, 1832, 810, 2123, 1884, 2286, 2296, 2217, 2125, 1181, 
    1715, 2418, 2635, 2511, 1971, 1416, 1593, 2084, 2685, 2194, 1839, 1957, 
    2070, 1886, 1907, 2068, 2484, 2314, 1742, 1515, 2029, 2416, 2367, 2075, 
    1681, 1936, 2247, 2136, 1922, 1920, 2275, 2193, 1918, 1805, 1985, 2227, 
    2238, 2051, 1894, 1930, 2132, 2159, 1999, 1956, 2096, 2125, 2051, 1952, 
    1998, 2115, 2090, 2064, 2008, 1995, 2022, 2090, 2126, 2057, 1969, 1996, 
    2056, 2088, 2056, 2029, 2047, 2065, 1781, 273, 4087, 0, 4091, 1496, 
    1197, 3196, 2039, 2716, 818, 2293, 2397, 1663, 2401, 2300, 1796, 2097, 
    1465, 2226, 1601, 1821, 2207, 1686, 2111, 1911, 1961, 2360, 1785, 2210, 
    2226, 1874, 2218, 1912, 2127, 2072, 1954, 2114, 2000, 2032, 2071, 1996, 
    2109, 2027, 2041, 2051, 2020, 2052, 2035, 2065, 2079, 2028, 2051, 2053, 
    2046, 2059, 2011, 2087, 1991, 2051, 2038, 2023, 2039, 2029, 2046, 2060, 
    2019, 2071, 2038, 2046, 2056, 2045, 2046, 2069, 2034, 2042, 2053, 2066, 
    2064, 2026, 2021, 2044, 2074, 2067, 2028, 2032, 2039, 2053, 2074, 2062, 
    2046, 2036, 1956, 2069, 1803, 1870, 1822, 2026, 1661, 1808, 2342, 2432, 
    1946, 1996, 2029, 1991, 1954, 1908, 2116, 1871, 2152, 1931, 1921, 1989, 
    2122, 2043, 1971, 2018, 2053, 2029, 2009, 2057, 2042, 2067, 2049, 2057, 
    2042, 2058, 2038, 2045, 2045, 2051, 2054, 2048, 2038, 2039, 2054, 2054, 
    2045, 2112, 2529, 1026, 1050, 3976, 440, 2043, 443, 2198, 2823, 3943, 
    2809, 657, 10, 1166, 2910, 4051, 3062, 1031, 1634, 1551, 1942, 2085, 
    2729, 2580, 1946, 1253, 1125, 2115, 2983, 3008, 1915, 1131, 1684, 2437, 
    2253, 1966, 2038, 2131, 1953, 1800, 2056, 2433, 2191, 1889, 1655, 2052, 
    2315, 2475, 1878, 3296, 37, 536, 4084, 484, 783, 1674, 2048, 3910, 
    3723, 2337, 1, 789, 2641, 3230, 3196, 2165, 726, 2005, 2031, 2263, 
    2257, 2252, 2152, 1277, 1625, 2333, 2690, 2495, 2061, 1459, 1539, 2023, 
    2696, 2228, 1846, 1931, 2106, 1882, 1891, 2050, 2488, 2409, 1741, 1471, 
    1932, 2402, 2401, 2126, 1678, 1842, 2234, 2168, 1932, 1908, 2255, 2216, 
    1951, 1815, 1950, 2206, 2254, 2071, 1903, 1903, 2120, 2162, 2016, 1954, 
    2083, 2131, 2059, 1960, 1993, 2104, 2094, 2070, 2012, 1990, 2025, 2084, 
    2130, 2066, 1976, 1993, 2053, 2088, 2059, 2033, 2045, 2083, 1963, 2229, 
    1247, 27, 3901, 1730, 1759, 2516, 983, 1803, 2933, 4094, 2436, 681, 
    0, 2558, 2713, 3175, 3265, 553, 1575, 2288, 1994, 2129, 2403, 2151, 
    1746, 1198, 2051, 2779, 2356, 2424, 1639, 1336, 1874, 2557, 2414, 1960, 
    1890, 2115, 1901, 1897, 2007, 2257, 2476, 2065, 1463, 1759, 2262, 2437, 
    2336, 1761, 1735, 2145, 2220, 1987, 1873, 2142, 2261, 2058, 1834, 1875, 
    2134, 2271, 2126, 1962, 1865, 2036, 2175, 2082, 1940, 2036, 2131, 2095, 
    1990, 1963, 2068, 2111, 2078, 2038, 1986, 2007, 2056, 2119, 2099, 2000, 
    1975, 2033, 2084, 2078, 2041, 2029, 2070, 2063, 2916, 185, 1061, 3692, 
    13, 3686, 1675, 2572, 2149, 1449, 2184, 2004, 2257, 2845, 2041, 2486, 
    1733, 2180, 2527, 1883, 2636, 1644, 2188, 2082, 1502, 2233, 2046, 1973, 
    2472, 1908, 2054, 2133, 1923, 2154, 1961, 2045, 2083, 1947, 2104, 2000, 
    2080, 2043, 2023, 2120, 2016, 2050, 1996, 2026, 2082, 2064, 2094, 2055, 
    2019, 2057, 2025, 2069, 2056, 2045, 2067, 2045, 2032, 2027, 2049, 2082, 
    2047, 2039, 2041, 2044, 2057, 2037, 2033, 2054, 2051, 2040, 2033, 2052, 
    2053, 2039, 2046, 2041, 2046, 2050, 2046, 2043, 2050, 2048, 2052, 2052, 
    2043, 2041, 2052, 2044, 1852, 2125, 62, 4084, 3309, 725, 1608, 1410, 
    1834, 3285, 4092, 1956, 0, 175, 2769, 3436, 3151, 2884, 320, 1564, 
    2541, 2274, 2510, 2447, 1879, 1378, 1316, 2552, 3075, 2338, 1870, 1463, 
    1379, 2050, 2669, 2440, 1810, 1753, 2191, 1562, 2006, 2475, 2572, 2086, 
    1626, 1653, 2176, 2409, 1878, 1918, 1982, 2116, 1973, 1810, 1768, 2341, 
    2477, 2128, 1657, 1780, 2328, 2221, 2096, 1874, 2023, 2051, 2208, 2009, 
    1851, 1963, 2122, 2135, 1976, 1964, 2100, 2130, 2076, 2016, 2066, 2040, 
    2046, 2038, 2072, 1959, 1987, 2048, 2092, 2106, 2037, 2003, 2018, 2090, 
    2062, 2058, 2281, 2018, 2340, 2065, 1913, 2005, 1988, 2572, 1539, 2215, 
    1779, 1659, 2104, 2456, 2028, 2135, 2042, 1992, 2063, 2175, 2118, 2045, 
    2036, 2029, 2146, 2031, 2062, 2071, 2019, 2007, 2061, 2048, 2043, 2062, 
    2072, 2020, 2024, 2048, 2086, 2048, 2027, 2035, 2044, 2044, 2043, 2010, 
    2089, 2100, 2021, 2085, 2002, 2052, 2027, 2088, 2039, 2018, 2027, 2039, 
    2022, 2050, 2060, 2052, 2045, 2058, 2039, 2033, 2039, 2066, 2044, 2043, 
    2046, 2033, 2047, 2052, 2051, 2046, 2050, 2047, 2044, 2039, 2038, 2043, 
    2053, 2050, 2047, 2050, 2049, 2044, 2040, 2046, 2051, 2056, 2043, 2041, 
    2088, 2316, 2214, 2044, 2027, 2227, 1917, 2363, 2361, 1885, 1847, 2145, 
    1978, 2061, 2093, 2262, 1883, 1942, 1992, 1926, 1969, 2152, 2078, 1974, 
    1912, 2095, 1995, 2047, 2119, 2176, 2031, 2029, 2113, 2060, 2010, 2010, 
    2036, 2045, 2030, 2045, 2037, 2059, 2035, 2042, 2040, 2059, 2055, 2048, 
    2041, 2095, 2096, 2048, 2017, 2042, 2020, 2023, 2034, 2074, 2019, 2035, 
    2039, 2052, 2053, 2068, 2031, 2033, 2006, 2051, 2081, 2043, 1997, 2047, 
    2039, 2036, 2046, 2035, 2045, 2055, 2044, 2047, 2046, 2045, 2050, 2045, 
    2046, 2044, 2047, 2047, 2046, 2049, 2042, 2040, 2103, 409, 2651, 4094, 
    5, 3442, 2196, 1115, 3424, 853, 3135, 1207, 1919, 2492, 1544, 2572, 
    2228, 2401, 2340, 1454, 2470, 1969, 1629, 2357, 1618, 2093, 1958, 1866, 
    2403, 1869, 2086, 2324, 1930, 2172, 1977, 2014, 2098, 1932, 2090, 2054, 
    2008, 2091, 2007, 2097, 2042, 2033, 2071, 2004, 2075, 2031, 2038, 2096, 
    2011, 2100, 2030, 2029, 2064, 2047, 2099, 2041, 2061, 2069, 2035, 2048, 
    2041, 2063, 2051, 2050, 2050, 2042, 2030, 2045, 2034, 2044, 2036, 2042, 
    2048, 2047, 2063, 2060, 2023, 2026, 2049, 2077, 2056, 2028, 2028, 2041, 
    2059, 2074, 2063, 2046, 2043, 2082, 2108, 1896, 2056, 2322, 1652, 1761, 
    2168, 2318, 2198, 2094, 2215, 1919, 1787, 2117, 1988, 2017, 2021, 2091, 
    2032, 2086, 1969, 2100, 2147, 1970, 1948, 2092, 2063, 1999, 2050, 2063, 
    2041, 2038, 2062, 2044, 2048, 2057, 2052, 2048, 2043, 2056, 2047, 2039, 
    2044, 2042, 2055, 2044, 2198, 2743, 987, 428, 4025, 306, 1740, 587, 
    2121, 3263, 3801, 2910, 281, 126, 1313, 3035, 4006, 2836, 967, 1738, 
    1445, 2034, 2181, 2680, 2555, 1820, 1260, 1148, 2189, 3080, 2891, 1796, 
    1145, 1791, 2454, 2202, 1969, 2052, 2127, 1916, 1810, 2090, 2451, 2148, 
    1850, 1667, 2072, 2301, 1405, 2174, 4076, 329, 163, 4086, 842, 372, 
    1580, 1948, 3817, 3491, 2389, 1, 909, 2586, 3279, 3293, 1836, 815, 
    2108, 1886, 2289, 2300, 2222, 2126, 1178, 1722, 2417, 2635, 2511, 1971, 
    1416, 1597, 2088, 2684, 2194, 1838, 1957, 2071, 1888, 1909, 2067, 2483, 
    2326, 1744, 1514, 2030, 2435, 2367, 2065, 1680, 1937, 2247, 2141, 1921, 
    1920, 2274, 2189, 1917, 1806, 1988, 2227, 2240, 2047, 1884, 1929, 2132, 
    2157, 1998, 1956, 2094, 2125, 2051, 1951, 1997, 2115, 2090, 2064, 2008, 
    1995, 2022, 2089, 2126, 2057, 1969, 1997, 2056, 2088, 2055, 2029, 2047, 
    2071, 1868, 1873, 2112, 1876, 2155, 1710, 2151, 1940, 2088, 1831, 2209, 
    1728, 1900, 2220, 2070, 2065, 1958, 2036, 2134, 2129, 2003, 1944, 2000, 
    2115, 2010, 2015, 2040, 2107, 2100, 2068, 2022, 2029, 2063, 2049, 2041, 
    2011, 2047, 2085, 2057, 2024, 2034, 2046, 2065, 2053, 2050, 2032, 2052, 
    2064, 2017, 2030, 2066, 2094, 2035, 2016, 2038, 2060, 2023, 2039, 2074, 
    2002, 2051, 2019, 1980, 2070, 2097, 2013, 2061, 2054, 1981, 2049, 2013, 
    2022, 2093, 2063, 2071, 2036, 2035, 2046, 2047, 2046, 2045, 2051, 2047, 
    2044, 2051, 2047, 2041, 2048, 2053, 2049, 2082, 2041, 2049, 2175, 4092, 
    303, 130, 4044, 258, 4082, 1557, 1728, 2808, 2002, 1662, 2289, 1716, 
    2183, 1788, 2292, 2190, 2643, 1956, 1607, 2602, 1835, 2119, 2262, 1607, 
    2537, 1818, 1957, 2362, 1957, 2044, 2165, 1860, 2163, 1943, 2013, 2096, 
    1979, 2087, 1999, 2074, 2080, 2011, 2133, 2043, 2032, 2026, 2018, 2075, 
    2067, 2094, 2058, 2025, 2077, 2036, 2078, 2062, 2057, 2082, 2079, 2037, 
    2059, 2035, 2078, 2038, 2037, 2053, 2048, 2059, 2051, 2021, 2042, 2062, 
    2036, 2049, 2043, 2058, 2044, 2041, 2049, 2053, 2044, 2046, 2044, 2048, 
    2041, 2044, 2058, 2047, 2042, 2038, 2056, 1841, 2747, 16, 3358, 4094, 
    298, 1579, 1750, 1401, 3442, 3942, 2138, 3, 719, 2772, 3055, 3057, 
    2482, 584, 1617, 2423, 2241, 2457, 2040, 2231, 1286, 1633, 2693, 2854, 
    2546, 2033, 1327, 1557, 2136, 2673, 2363, 1908, 1670, 2020, 1671, 1966, 
    2488, 2511, 1899, 1602, 1732, 2196, 2367, 1961, 2085, 1970, 2095, 2085, 
    1909, 1752, 2260, 2427, 2093, 1723, 1830, 2354, 2235, 2063, 1845, 2091, 
    2151, 2124, 2087, 1870, 2123, 2226, 2152, 1935, 1920, 2100, 2152, 2045, 
    1982, 2018, 2030, 2117, 2081, 2113, 1964, 2024, 2016, 2079, 2059, 1992, 
    1990, 2016, 2069, 2047, 2032, 1941, 2104, 1946, 2580, 2056, 1882, 2326, 
    2182, 1992, 1914, 1864, 1794, 2238, 2332, 1961, 2040, 2057, 2009, 1904, 
    2136, 2078, 2031, 1942, 2061, 2108, 2102, 2055, 2069, 2059, 2036, 2038, 
    2062, 2044, 2048, 2064, 2035, 2019, 2055, 2072, 2045, 2023, 2040, 2058, 
    2036, 2015, 2020, 2033, 2044, 2011, 2001, 2052, 2037, 2031, 2062, 2076, 
    2027, 2021, 2040, 2032, 2058, 2063, 2043, 2039, 2047, 2037, 2024, 2059, 
    2060, 2046, 2030, 2033, 2045, 2041, 2046, 2049, 2053, 2056, 2057, 2047, 
    2043, 2038, 2043, 2051, 2048, 2049, 2049, 2047, 2043, 2037, 2049, 2055, 
    2052, 2048, 2041, 1963, 2757, 3439, 3295, 183, 4094, 1284, 492, 1551, 
    2063, 4094, 2919, 2190, 0, 1606, 2523, 3421, 3508, 1162, 1133, 2279, 
    1794, 2203, 2405, 2166, 2047, 1056, 1878, 2558, 2512, 2539, 1827, 1329, 
    1724, 2265, 2623, 2118, 1841, 2001, 2020, 1909, 1938, 2102, 2496, 2290, 
    1677, 1526, 2078, 2394, 2354, 1955, 1685, 2013, 2253, 2081, 1888, 1981, 
    2279, 2160, 1882, 1828, 2035, 2250, 2203, 2020, 1864, 1972, 2155, 2135, 
    1969, 1982, 2115, 2119, 2024, 1961, 2025, 2118, 2081, 2060, 1999, 1996, 
    2038, 2103, 2121, 2035, 1970, 2013, 2069, 2089, 2050, 2025, 2061, 2071, 
    691, 2562, 4082, 366, 1999, 3039, 958, 3598, 1464, 2970, 1622, 2081, 
    2186, 1033, 2380, 2363, 2503, 2852, 1516, 2249, 2127, 1717, 2423, 1672, 
    2025, 2130, 1688, 2366, 1940, 1973, 2288, 1868, 2135, 2021, 1980, 2135, 
    1924, 2034, 2095, 1990, 2090, 2013, 2078, 2078, 2019, 2089, 2009, 2063, 
    2031, 2042, 2066, 2071, 2024, 2091, 2045, 2145, 2007, 2076, 2068, 2055, 
    2049, 2038, 2042, 2040, 2027, 2061, 2057, 2049, 2041, 2029, 2048, 2051, 
    2055, 2033, 2043, 2046, 2065, 2051, 2057, 2020, 2029, 2054, 2066, 2047, 
    2029, 2027, 2034, 2057, 2080, 2073, 2051, 2041, 2066, 2291, 1684, 1444, 
    1943, 2204, 2064, 2089, 2129, 2203, 2248, 1979, 2255, 1825, 1935, 2076, 
    2146, 1973, 2101, 2184, 2079, 1935, 2041, 2027, 2015, 2013, 2075, 2030, 
    2015, 2082, 2076, 2011, 2053, 2065, 2057, 2050, 2056, 2040, 2039, 2046, 
    2056, 2038, 2049, 2041, 2036, 2045, 2049, 2151, 2760, 1797, 280, 4047, 
    334, 1553, 704, 2012, 3623, 3577, 2949, 62, 264, 1449, 3142, 3961, 
    2607, 964, 1803, 1356, 2104, 2319, 2641, 2533, 1728, 1252, 1226, 2253, 
    3209, 2792, 1672, 1148, 1890, 2458, 2156, 1970, 2067, 2128, 1888, 1822, 
    2133, 2463, 2114, 1829, 1686, 2138, 2717, 2048, 2047, 2047, 2047, 2047
};

